cam_fov=90 cam_x=0 cam_y=0 cam_z=0 cam_quat_x=0.707106769 cam_quat_y=0 cam_quat_z=0 cam_quat_w=0.707106769
id=0 pos_x=0 pos_y=10 pos_z=0 quat_x=1 quat_y=0 quat_z=0 quat_w=-4.37113883e-08
id=1 pos_x=-4.93445444 pos_y=10 pos_z=2.47741079 quat_x=0.928055763 quat_y=1.6279925e-08 quat_z=0.372441262 quat_w=-4.05666043e-08
