cam_fov=90 cam_x=0 cam_y=0 cam_z=0 cam_quat_x=0.707106769 cam_quat_y=0 cam_quat_z=0 cam_quat_w=0.707106769
id=0 pos_x=0 pos_y=10 pos_z=0 quat_x=1 quat_y=0 quat_z=0 quat_w=-4.37113883e-08
id=1 pos_x=-3.40982556 pos_y=10 pos_z=-1.89348078 quat_x=0.124641098 quat_y=4.33705196e-08 quat_z=0.992201865 quat_w=-5.44823564e-09
id=2 pos_x=0.794026434 pos_y=10 pos_z=-3.57634258 quat_x=0.995900035 quat_y=3.95416055e-09 quat_z=0.0904606506 quat_w=-4.35321716e-08
id=3 pos_x=2.95948625 pos_y=10 pos_z=0.81999892 quat_x=-0.467889458 quat_y=3.86315548e-08 quat_z=0.883786976 quat_w=2.04520969e-08
id=4 pos_x=2.76600933 pos_y=10 pos_z=-3.20392561 quat_x=-0.254736155 quat_y=4.22693773e-08 quat_z=0.967010617 quat_w=1.11348708e-08
