cam_fov=90 cam_x=0 cam_y=0 cam_z=0 cam_quat_x=0.707106769 cam_quat_y=0 cam_quat_z=0 cam_quat_w=0.707106769
id=0 pos_x=0 pos_y=10 pos_z=0 quat_x=1 quat_y=0 quat_z=0 quat_w=-4.37113883e-08
id=1 pos_x=3.39719057 pos_y=10 pos_z=-0.844936609 quat_x=-0.806126654 quat_y=2.58659103e-08 quat_z=0.591743052 quat_w=3.52369156e-08
id=2 pos_x=-3.62938356 pos_y=10 pos_z=3.2931788 quat_x=0.494850665 quat_y=3.79842362e-08 quat_z=0.868978024 quat_w=-2.16306102e-08
id=3 pos_x=-2.66670346 pos_y=10 pos_z=2.14583683 quat_x=-0.168740451 quat_y=4.30845901e-08 quat_z=0.985660493 quat_w=7.37587946e-09
id=4 pos_x=1.54645109 pos_y=10 pos_z=-0.180823579 quat_x=0.412131399 quat_y=3.98265136e-08 quat_z=0.911124408 quat_w=-1.80148358e-08
