cam_fov=90 cam_x=0 cam_y=0 cam_z=0 cam_quat_x=0.707106769 cam_quat_y=0 cam_quat_z=0 cam_quat_w=0.707106769
id=0 pos_x=0 pos_y=10 pos_z=0 quat_x=1 quat_y=0 quat_z=0 quat_w=-4.37113883e-08
id=1 pos_x=-4.61857414 pos_y=10 pos_z=-0.478578031 quat_x=-0.850241125 quat_y=2.30093864e-08 quat_z=0.526393414 quat_w=3.71652185e-08
